0 13 0.0647
1 15 0.0152
2 14 0.0098
3 13 0.0137
4 12 0.009699999
5 12 0.0093
6 14 0.0133
7 12 0.0098
8 13 0.0066
9 13 0.0122
10 15 0.0084
11 16 0.0086
12 15 0.0058000004
13 12 0.0041
14 13 0.0068
15 14 0.0083
16 14 0.0075
17 11 0.0054
18 12 0.0087
19 14 0.0235
20 13 0.0146
21 15 0.0113
22 15 0.0143
23 12 0.0075
24 12 0.0065
25 13 0.0082
26 14 0.0164
27 13 0.0152
28 13 0.0093
29 13 0.0076
30 14 0.0078000003
31 14 0.0082
32 13 0.0082
33 13 0.0049
34 14 0.0066
35 15 0.0092
36 14 0.0074
37 12 0.0086
38 11 0.045900002
39 13 0.0076
40 15 0.0089
41 14 0.0066
42 13 0.0061
43 15 0.0106999995
44 14 0.009699999
45 14 0.0066
46 15 0.0063
47 13 0.0121
48 12 0.0073
49 14 0.0072
50 16 0.01
51 15 0.009
52 14 0.0082
53 11 0.0038
54 14 0.0086
55 12 0.0094
56 13 0.0065
57 12 0.0113
58 12 0.0069
59 12 0.0061999997
60 15 0.010600001
61 15 0.0121
62 13 0.0145
63 12 0.0103
64 15 0.0069
65 13 0.0050999997
66 12 0.0082
67 12 0.0081
68 12 0.0061
69 14 0.008
70 13 0.0063
71 15 0.0095
72 13 0.0069
73 15 0.011
74 13 0.0061999997
75 14 0.0092
76 16 0.011899999
77 12 0.0067
78 13 0.0058000004
79 14 0.0082
80 15 0.0076
81 16 0.0104
82 14 0.0050999997
83 13 0.0038
84 12 0.007
85 15 0.0106999995
86 15 0.0078000003
87 11 0.0087
88 13 0.0061999997
89 14 0.0106999995
90 13 0.0078000003
91 13 0.0061
92 14 0.0071
93 13 0.0073
94 13 0.0054
95 14 0.0164
96 15 0.007900001
97 11 0.009699999
98 14 0.0067
99 15 0.0085
100 13 0.0089
101 12 0.0118
102 15 0.0082
103 14 0.0113
104 16 0.0123000005
105 15 0.0076
106 13 0.0061999997
107 16 0.0068
108 13 0.0056
109 11 0.0055
110 13 0.0077
111 11 0.0053000003
112 15 0.0084
113 14 0.01
114 15 0.0069
115 16 0.0073
116 13 0.0075
117 13 0.0072
118 13 0.0082
119 12 0.0065
120 15 0.0077
121 12 0.0064000003
122 12 0.0063
123 14 0.010600001
124 12 0.0055
125 13 0.0081
126 14 0.0544
127 12 0.0594
128 13 0.0035
129 11 0.0023
130 13 0.0039000001
131 13 0.0058000004
132 14 0.0064000003
133 12 0.0035
134 15 0.0048
135 15 0.0038
136 12 0.0045
137 12 0.0022
138 13 0.0036
139 12 0.0035
140 15 0.0035
141 14 0.0045
142 15 0.0058000004
143 11 0.0019
144 13 0.0027
145 11 0.0029000002
146 13 0.0035
147 15 0.0047
148 12 0.0037
149 14 0.0052
150 16 0.0053000003
151 15 0.0037
152 14 0.0033
153 14 0.0035
154 14 0.0045
155 14 0.0028
156 14 0.0038
157 13 0.0056999996
158 12 0.0023
159 14 0.0032000002
160 14 0.0038
161 14 0.0034
162 11 0.0042
163 12 0.0025
164 17 0.0034
165 14 0.0032000002
166 14 0.005
167 12 0.0024
168 13 0.0032000002
169 12 0.004
170 13 0.0023
171 13 0.0034
172 13 0.0036
173 13 0.0054
174 15 0.0033
175 13 0.0032000002
176 13 0.0023
177 15 0.0044
178 13 0.0043
179 14 0.0038
180 12 0.0039000001
181 14 0.0026
182 15 0.0038
183 12 0.0022
184 14 0.0035
185 14 0.0046
186 12 0.005
187 14 0.0036
188 12 0.0017
189 14 0.0036
190 15 0.0087
191 12 0.0043
192 14 0.002
193 13 0.0032000002
194 12 0.0043
195 13 0.0027
196 14 0.0027
197 13 0.0041
198 13 0.0037
199 13 0.0018
200 12 0.0026
201 14 0.0018
202 13 0.003
203 14 0.0033
204 13 0.0018
205 13 0.0032000002
206 13 0.004
207 13 0.0041
208 13 0.0026
209 15 0.0038
210 13 0.003
211 14 0.0034
212 13 0.0028
213 14 0.0025
214 15 0.0035
215 15 0.003
216 14 0.0035
217 13 0.0021
218 16 0.0038
219 14 0.0026
220 13 0.0027
221 15 0.0047
222 15 0.003
223 14 0.0025
224 14 0.0025
225 14 0.0030999999
226 14 0.0037
227 13 0.0035
228 12 0.0023
229 12 0.0035
230 16 0.0024
231 14 0.0036
232 15 0.0015
233 15 0.0039000001
234 15 0.0034
235 14 0.0039000001
236 14 0.0029000002
237 12 0.0039000001
238 12 0.002
239 15 0.0028
240 13 0.0034
241 13 0.004
242 14 0.0026
243 14 0.0028
244 13 0.0023
245 13 0.0023
246 14 0.0028
247 13 0.0028
248 12 0.0032000002
249 14 0.0038
250 14 0.0032000002
251 13 0.0029000002
252 14 0.0032000002
253 14 0.0035
254 12 0.0043
255 14 0.024600001
256 13 0.0045
257 13 0.0021
258 13 0.0036
259 13 0.0042
260 12 0.003
261 13 0.004
262 14 0.0036
263 12 0.0022
264 12 0.0043
265 14 0.0044
266 14 0.0067
267 12 0.0041
268 13 0.003
269 14 0.0038
270 13 0.0028
271 12 0.0018
272 15 0.010899999
273 12 0.0046
274 14 0.0039000001
275 12 0.0023
276 13 0.0056999996
277 14 0.0036
278 12 0.0030999999
279 13 0.0029000002
280 16 0.0019
281 13 0.003
282 11 0.0026
283 14 0.024
284 12 0.0019
285 12 0.0153
286 13 0.0027
287 13 0.0026
288 16 0.0048
289 13 0.0045
290 12 0.0026
291 13 0.003
292 16 0.0034
293 12 0.0025
294 14 0.0030999999
295 16 0.0015
296 14 0.0034
297 11 0.0039000001
298 12 0.0035
299 15 0.0028
300 14 0.004
301 12 0.0026
302 14 0.004
303 15 0.0025
304 12 0.0016000001
305 14 0.0032000002
306 13 0.0045
307 13 0.0045
308 16 0.0017
309 13 0.0026
310 15 0.0021
311 13 0.0025
312 15 0.0028
313 15 0.0033
314 13 0.0025
315 13 0.0030999999
316 15 0.0038
317 14 0.0030999999
318 12 0.0022
319 15 0.0014
320 13 0.0028
321 12 0.0026
322 12 0.0029000002
323 13 0.0033
324 14 0.0023
325 15 0.0030999999
326 14 0.0089
327 13 0.0028
328 11 0.0034
329 13 0.0027
330 14 0.0023
331 14 0.0028
332 13 0.0044
333 13 0.0026
334 12 0.0024
335 16 0.0039000001
336 13 0.0029000002
337 12 0.0033
338 14 0.0027
339 13 0.0032000002
340 12 0.0025
341 12 0.0022
342 14 0.007
343 14 0.0032000002
344 12 0.0029000002
345 13 0.0024
346 14 0.003
347 12 0.0044
348 11 0.0017
349 12 0.0024
350 14 0.0043
351 13 0.0019
352 14 0.0041
353 11 0.0022
354 14 0.0028
355 13 0.0027
356 13 0.002
357 13 0.0029000002
358 14 0.0028
359 14 0.0039000001
360 14 0.0024
361 12 0.0042
362 15 0.0018
363 12 0.0032000002
364 13 0.002
365 15 0.0026
366 13 0.0025
367 11 0.002
368 14 0.0045
369 16 0.0034
370 14 0.0045
371 16 0.0028
372 14 0.0033
373 13 0.0041
374 13 0.0039000001
375 14 0.0033
376 12 0.0039000001
377 13 0.004
378 11 0.0036
379 12 0.0028
380 14 0.0029000002
381 13 0.0021
382 13 0.0014
383 15 0.0019
384 14 0.0017
385 12 0.0033
386 14 0.004
387 14 0.0043
388 13 0.0032000002
389 12 0.0029000002
390 13 0.0025
391 14 0.0030999999
392 15 0.0025
393 14 0.0015
394 12 0.0033
395 12 0.0018
396 15 0.0042
397 12 0.0025
398 13 0.0030999999
399 12 0.0017
400 14 0.0027
401 16 0.0025
402 13 0.0019
403 13 0.0022
404 14 0.0028
405 14 0.003
406 14 0.0036
407 13 0.0015
408 14 0.003
409 16 0.0021
410 14 0.0024
411 15 0.003
412 11 0.004
413 12 0.003
414 14 0.0030999999
415 14 0.004
416 15 0.0045
417 14 0.0028
418 14 0.0038
419 14 0.0345
420 14 0.0037
421 13 0.0024
422 12 0.0018
423 14 0.0044
424 14 0.005
425 13 0.0035
426 13 0.002
427 14 0.0045
428 13 0.0021
429 15 0.0036
430 15 0.0061
431 15 0.0029000002
432 13 0.0038
433 12 0.0025
434 12 0.0021
435 14 0.0033
436 12 0.0026
437 14 0.0038
438 15 0.0043
439 16 0.0048
440 13 0.0045
441 14 0.0033
442 12 0.0038
443 12 0.0030999999
444 15 0.004
445 12 0.0022
446 12 0.003
447 13 0.002
448 14 0.0025
449 16 0.0037
450 15 0.0024
451 12 0.0033
452 14 0.004
453 11 0.0030999999
454 12 0.0025
455 14 0.004
456 14 0.0039000001
457 13 0.0024
458 17 0.0034
459 12 0.0036
460 11 0.0033
461 12 0.0029000002
462 12 0.0027
463 14 0.0046
464 13 0.0029000002
465 12 0.002
466 12 0.0041
467 13 0.0054
468 15 0.0032000002
469 14 0.0017
470 15 0.0049
471 12 0.0019
472 14 0.0024
473 15 0.0035
474 12 0.0023
475 15 0.0025
476 15 0.0039000001
477 15 0.0028
478 14 0.0035
479 13 0.003
480 14 0.0024
481 14 0.0036
482 13 0.0029000002
483 14 0.0017
484 13 0.004
485 12 0.0026
486 13 0.0047
487 13 0.0023
488 13 0.0018
489 15 0.0025
490 14 0.0041
491 12 0.0018
492 15 0.0038
493 14 0.0012
494 14 0.003
495 14 0.0071
496 13 0.0013
497 14 0.0036
498 14 0.0035
499 12 0.0032000002
500 13 0.003
501 12 0.003
502 16 0.0030999999
503 14 0.0041
504 12 0.002
505 14 0.0027
506 15 0.0030999999
507 15 0.003
508 16 0.0030999999
509 12 0.0041
510 13 0.0045
511 15 0.0041
512 13 0.003
513 13 0.0034
514 13 0.0027
515 14 0.0035
516 14 0.0028
517 14 0.0027
518 15 0.0071
519 11 0.0044
520 13 0.0036
521 15 0.0049
522 15 0.0038
523 12 0.0035
524 14 0.0046
525 12 0.0033
526 14 0.0029000002
527 14 0.004
528 12 0.0026
529 13 0.0030999999
530 16 0.004
531 16 0.0032000002
532 12 0.0029000002
533 11 0.0050999997
534 14 0.0038
535 13 0.0046
536 14 0.0050999997
537 13 0.0037
538 13 0.003
539 11 0.0024
540 15 0.0034
541 13 0.004
542 15 0.0036
543 13 0.0038
544 14 0.002
545 12 0.0030999999
546 14 0.0041
547 13 0.0027
548 12 0.0028
549 12 0.0029000002
550 13 0.0038
551 13 0.0035
552 15 0.0027
553 15 0.0041
554 13 0.0028
555 11 0.003
556 14 0.003
557 14 0.0029000002
558 16 0.0029000002
559 15 0.0041
560 13 0.0033
561 14 0.0044
562 14 0.0043
563 16 0.0038
564 12 0.0058000004
565 12 0.005
566 14 0.0022
567 13 0.0028
568 13 0.0052
569 12 0.0038
570 13 0.0025
571 13 0.006
572 12 0.0036
573 14 0.004
574 14 0.003
575 13 0.0036
576 14 0.0035
577 13 0.0032000002
578 12 0.0036
579 13 0.0034
580 15 0.0025
581 14 0.0015
582 13 0.0027
583 13 0.0047
584 13 0.0029000002
585 14 0.0041
586 14 0.0022
587 15 0.0030999999
588 13 0.0046
589 13 0.004
590 13 0.0050999997
591 12 0.0042
592 15 0.004
593 11 0.0026
594 14 0.0032000002
595 15 0.0034
596 15 0.003
597 14 0.0022
598 14 0.0037
599 15 0.0033
600 13 0.0027
601 11 0.0034
602 14 0.003
603 14 0.0034
604 13 0.0045
605 15 0.0028
606 14 0.0061999997
607 12 0.0025
608 13 0.0055
609 13 0.0028
610 14 0.0055
611 14 0.0039000001
612 13 0.0029000002
613 15 0.005
614 11 0.0024
615 14 0.0019
616 13 0.0039000001
617 12 0.0063
618 12 0.009699999
619 13 0.0033
620 14 0.005
621 15 0.0026
622 14 0.0038
623 14 0.0046
624 14 0.003
625 15 0.002
626 15 0.0043
627 11 0.0026
628 13 0.0032000002
629 12 0.0058000004
630 12 0.0035
631 13 0.0044
632 13 0.0042
633 15 0.0047
634 12 0.0050999997
635 14 0.0038
636 13 0.0037
637 15 0.0043
638 15 0.0028
639 12 0.0045
640 14 0.0037
641 13 0.0015
642 12 0.0026
643 12 0.0032000002
644 13 0.0050999997
645 12 0.0037
646 15 0.004
647 14 0.007900001
648 14 0.0033
649 15 0.0036
650 13 0.0046
651 13 0.0047
652 14 0.0025
653 12 0.0049
654 12 0.0028
655 12 0.006
656 15 0.0025
657 12 0.0024
658 14 0.0048
659 14 0.0053000003
660 14 0.0056999996
661 12 0.0045
662 12 0.004
663 12 0.0084
664 15 0.0063
665 12 0.0047
666 12 0.0043
667 12 0.0043
668 14 0.0036
669 14 0.0035
670 12 0.0056
671 12 0.0042
672 14 0.0049
673 14 0.0056999996
674 15 0.0045
675 13 0.003
676 14 0.0053000003
677 15 0.0034
678 12 0.0037
679 13 0.0039000001
680 14 0.0048
681 15 0.0049
682 14 0.0025
683 12 0.0033
684 11 0.0032000002
685 14 0.0050999997
686 15 0.0058000004
687 14 0.0022
688 11 0.0046
689 14 0.0021
690 15 0.0054
691 15 0.0039000001
692 13 0.0048
693 14 0.0033
694 13 0.0037
695 13 0.0056999996
696 15 0.0042
697 14 0.0033
698 13 0.0030999999
699 13 0.0028
700 11 0.0025
701 13 0.0042
702 14 0.0047
703 13 0.0039000001
704 13 0.0025
705 13 0.0032000002
706 14 0.0019
707 14 0.0054
708 15 0.0044
709 13 0.0047
710 15 0.0046
711 13 0.0035
712 14 0.0026
713 12 0.0038
714 15 0.0026
715 11 0.0045
716 14 0.0043
717 12 0.0034
718 14 0.0042
719 12 0.0042
720 12 0.0039000001
721 15 0.0050999997
722 12 0.0049
723 15 0.0050999997
724 14 0.006
725 12 0.0026
726 14 0.0029000002
727 16 0.0025
728 14 0.0026
729 13 0.0044
730 15 0.0032000002
731 13 0.0049
732 14 0.003
733 12 0.0032000002
734 12 0.0038
735 13 0.002
736 14 0.0033
737 14 0.0035
738 13 0.0035
739 14 0.0039000001
740 13 0.0038
741 15 0.0046
742 14 0.0017
743 12 0.0029000002
744 13 0.0028
745 13 0.0033
746 13 0.0027
747 14 0.0019
748 13 0.0027
749 13 0.0061999997
750 12 0.0047
751 11 0.0046
752 12 0.0041
753 14 0.0032000002
754 12 0.0021
755 15 0.0022
756 12 0.005
757 13 0.0026
758 15 0.0022
759 11 0.0065
760 15 0.0035
761 15 0.0052
762 12 0.0028
763 13 0.0034
764 15 0.0030999999
765 13 0.0021
766 11 0.0043
767 15 0.0033
768 13 0.0028
769 15 0.0032000002
770 13 0.011399999
771 14 0.0019
772 15 0.0074
773 12 0.0043
774 12 0.0059
775 14 0.0061999997
776 12 0.0032000002
777 15 0.0041
778 13 0.0038
779 13 0.008
780 14 0.0048
781 13 0.0029000002
782 14 0.0029000002
783 13 0.0022
784 14 0.0030999999
785 15 0.0036
786 13 0.0021
787 16 0.0027
788 14 0.006
789 12 0.0030999999
790 12 0.0055
791 15 0.0064000003
792 12 0.0055
793 15 0.0075
794 12 0.0038
795 12 0.0037
796 12 0.0061
797 16 0.0078000003
798 15 0.004
799 14 0.0059
800 13 0.0126
801 11 0.0046
802 15 0.0063
803 14 0.0038
804 14 0.005
805 11 0.0064000003
806 14 0.0050999997
807 13 0.0034
808 14 0.0041
809 13 0.0034
810 14 0.0047
811 16 0.0026
812 15 0.0030999999
813 15 0.0034
814 15 0.0019
815 14 0.0041
816 13 0.0052
817 13 0.0043
818 15 0.0023
819 13 0.003
820 13 0.0027
821 12 0.0029000002
822 13 0.0043
823 12 0.0035
824 11 0.0044
825 13 0.0036
826 14 0.0033
827 13 0.003
828 12 0.0048
829 13 0.0039000001
830 12 0.0045
831 13 0.0056999996
832 13 0.0025
833 15 0.0044
834 15 0.0049
835 13 0.0029000002
836 12 0.0013
837 15 0.003
838 12 0.0034
839 13 0.0028
840 13 0.0041
841 13 0.0024
842 13 0.0041
843 13 0.003
844 14 0.0042
845 13 0.0036
846 14 0.0025
847 12 0.0050999997
848 11 0.0075
849 13 0.0032000002
850 12 0.0028
851 13 0.0054
852 15 0.0053000003
853 11 0.0043
854 12 0.0059
855 14 0.0034
856 13 0.0048
857 11 0.006
858 12 0.0022
859 12 0.0038
860 14 0.005
861 14 0.0058000004
862 12 0.0017
863 15 0.0056
864 13 0.0044
865 12 0.0037
866 12 0.0036
867 14 0.0043
868 14 0.0028
869 15 0.0050999997
870 14 0.0036
871 11 0.0028
872 14 0.0046
873 14 0.0032000002
874 15 0.0039000001
875 14 0.0033
876 13 0.0041
877 13 0.0054
878 13 0.0105
879 11 0.0059
880 12 0.0044
881 13 0.0025
882 14 0.0034
883 13 0.0045
884 12 0.0027
885 13 0.0037
886 14 0.0039000001
887 13 0.0015
888 14 0.0034
889 12 0.009
890 13 0.0036
891 12 0.0021
892 12 0.0028
893 14 0.0029000002
894 12 0.0013
895 14 0.0029000002
896 13 0.0035
897 12 0.0043
898 14 0.0027
899 12 0.0055
900 11 0.0021
901 13 0.0016000001
902 12 0.0041
903 12 0.002
904 13 0.003
905 14 0.005
906 12 0.0042
907 13 0.0043
908 15 0.010199999
909 11 0.0059
910 13 0.0050999997
911 11 0.0037
912 12 0.0019
913 14 0.0046
914 12 0.0052
915 14 0.0084
916 13 0.0056999996
917 12 0.0026
918 13 0.0046
919 13 0.0042
920 12 0.0053000003
921 16 0.0035
922 14 0.0037
923 13 0.0046
924 12 0.0038
925 12 0.0061999997
926 12 0.0061999997
927 16 0.0056999996
928 12 0.0034
929 13 0.0023
930 14 0.0039000001
931 13 0.003
932 12 0.0015
933 14 0.0026
934 15 0.004
935 13 0.0039000001
936 13 0.0039000001
937 14 0.0034
938 13 0.0024
939 14 0.0029000002
940 15 0.0025
941 14 0.0038
942 16 0.0052
943 13 0.0030999999
944 14 0.0023
945 13 0.0014
946 14 8.0000004E-4
947 14 0.0036
948 14 0.0027
949 14 0.0029000002
950 13 0.0029000002
951 14 0.0037
952 11 0.0023
953 15 0.0041
954 11 0.0030999999
955 13 0.003
956 14 0.006
957 13 0.0048
958 14 0.0023
959 12 0.0014
960 12 0.0013
961 13 0.0026
962 12 0.0019
963 12 0.0029000002
964 14 0.0041
965 13 0.004
966 13 0.0015
967 13 0.004
968 14 0.0035
969 15 0.0032000002
970 13 0.0033
971 12 0.0030999999
972 11 0.0022
973 15 0.0035
974 13 0.0035
975 13 0.0034
976 16 0.004
977 15 0.0039000001
978 14 0.0025
979 14 0.0025
980 13 0.0035
981 12 0.0019
982 15 0.0043
983 13 0.0025
984 15 0.0021
985 12 0.0016000001
986 16 0.0022
987 12 0.0028
988 12 0.0050999997
989 13 0.0028
990 16 0.0029000002
991 12 0.0019
992 14 0.0022
993 14 0.003
994 12 0.0036
995 13 0.0034
996 13 0.0039000001
997 15 0.0022
998 13 0.0038
999 13 0.0024
13 0.0086588
