0 11 0.0368
1 8 0.0087
2 12 0.0061999997
3 14 0.007
4 9 0.0032000002
5 17 0.0074
6 14 0.0053000003
7 12 0.0048
8 13 0.0053000003
9 15 0.0056999996
10 13 0.0048
11 10 0.0035
12 13 0.0058000004
13 12 0.0053000003
14 13 0.0046
15 14 0.0053000003
16 13 0.005
17 15 0.0063
18 13 0.0055
19 15 0.007
20 11 0.005
21 13 0.0048
22 15 0.0077
23 13 0.006
24 14 0.0064000003
25 12 0.0039000001
26 13 0.0045
27 13 0.0039000001
28 14 0.034599997
29 12 0.0043
30 15 0.0058000004
31 12 0.0043
32 15 0.0053000003
33 14 0.0045
34 12 0.0038
35 11 0.0037
36 13 0.0046
37 13 0.004
38 13 0.0035
39 12 0.0049
40 13 0.0055
41 13 0.0038
42 15 0.0106999995
43 15 0.0056999996
44 13 0.0037
45 10 0.0025
46 13 0.0047
47 13 0.0042
48 13 0.0029000002
49 13 0.0043
50 14 0.0039000001
51 15 0.0050999997
52 11 0.0029000002
53 14 0.0041
54 14 0.0038
55 16 0.0049
56 13 0.0044
57 16 0.004
58 14 0.0039000001
59 13 0.0032000002
60 12 0.0039000001
61 12 0.0041
62 13 0.0047
63 14 0.0043
64 14 0.0037
65 11 0.0024
66 14 0.0054
67 13 0.0032000002
68 14 0.0038
69 14 0.0041
70 14 0.0041
71 13 0.0025
72 15 0.0043
73 14 0.0048
74 8 0.0017
75 13 0.0038
76 11 0.0055
77 14 0.005
78 12 0.0030999999
79 15 0.0046
80 12 0.0025
81 10 0.0022
82 13 0.004
83 14 0.0046
84 15 0.0088
85 12 0.0033
86 10 0.0027
87 9 0.0028
88 16 0.005
89 9 0.0024
90 12 0.0036
91 14 0.003
92 10 0.0032000002
93 12 0.0034
94 11 0.0030999999
95 15 0.0049
96 12 0.0037
97 12 0.0029000002
98 15 0.0049
99 14 0.0046
12 0.015005
